video/miccal_drone.mp4
0:0 (0/59) 0 22 679 11 24 24 379 946 24 24 233 950 24 24 175 709 24 24 1831 458 24 24 1192 573 24 24 242 996 24 24 1140 575 24 24 1020 476 24 24 151 1002 24 24 1053 589 24 24 870 353 24 24 903 388 24 24 921 605 24 24 971 634 24 24 87 768 24 24 133 636 24 24 895 625 24 24 76 906 24 24 858 556 48 48 963 577 48 48 874 619 48 48
0:0 (10/59) 10 17 1076 533 24 24 864 9 24 24 386 805 24 24 240 999 24 24 812 833 24 24 1044 434 24 24 98 882 24 24 366 890 24 24 922 607 24 24 89 769 24 24 75 907 24 24 1172 513 24 24 970 635 24 24 858 559 48 48 908 557 48 48 959 577 48 48 993 508 48 48
0:0 (20/59) 20 15 1125 276 24 24 867 13 24 24 77 821 24 24 163 39 24 24 242 1003 24 24 187 996 24 24 923 611 24 24 952 359 24 24 984 247 24 24 905 391 24 24 972 637 24 24 1014 517 24 24 90 774 24 24 859 559 48 48 968 581 48 48
0:0 (30/59) 30 18 1713 536 24 24 867 14 24 24 224 678 24 24 1056 552 24 24 217 1005 24 24 243 1007 24 24 1396 448 24 24 108 1024 24 24 470 208 24 24 593 349 24 24 1082 495 24 24 924 611 24 24 34 786 24 24 971 638 24 24 101 891 24 24 859 563 48 48 963 582 48 48 993 514 48 48
0:0 (40/59) 40 26 678 17 24 24 726 25 24 24 252 923 24 24 77 828 24 24 1792 225 24 24 160 41 24 24 237 571 24 24 663 238 24 24 1460 254 24 24 1027 730 24 24 380 957 24 24 729 92 24 24 1795 494 24 24 241 1009 24 24 619 986 24 24 1437 105 24 24 920 615 24 24 1129 1045 24 24 30 788 24 24 77 917 24 24 1414 651 24 24 970 642 24 24 953 683 48 48 856 564 48 48 959 584 48 48 872 634 48 48
0:0 (50/59) 50 19 1631 15 24 24 864 18 24 24 1049 548 24 24 380 961 24 24 1239 815 24 24 1454 256 24 24 1077 823 24 24 1015 589 24 24 728 94 24 24 1446 95 24 24 919 615 24 24 240 1014 24 24 174 723 24 24 938 637 24 24 969 644 24 24 1408 881 24 24 87 781 24 24 856 568 48 48 956 585 48 48
0:1 (0/59) 60 16 92 154 24 24 862 25 24 24 333 677 24 24 1052 373 24 24 1843 969 24 24 1467 316 24 24 152 1017 24 24 1013 591 24 24 281 593 24 24 105 1033 24 24 173 726 24 24 919 620 24 24 965 647 24 24 87 785 24 24 856 571 48 48 961 593 48 48
0:1 (10/59) 70 24 1046 545 24 24 375 963 24 24 202 709 24 24 538 445 24 24 71 833 24 24 1531 1002 24 24 149 1040 24 24 239 1013 24 24 149 1015 24 24 1185 583 24 24 1146 106 24 24 522 858 24 24 87 787 24 24 300 612 24 24 917 622 24 24 382 647 24 24 966 648 24 24 1166 523 24 24 895 886 24 24 990 521 48 48 904 437 48 48 854 571 48 48 952 589 48 48 970 599 48 48
0:1 (20/59) 80 15 976 279 24 24 341 282 24 24 334 678 24 24 72 826 24 24 1384 709 24 24 375 963 24 24 203 1024 24 24 13 854 24 24 406 986 24 24 918 623 24 24 1400 885 24 24 896 887 24 24 89 785 24 24 855 573 48 48 962 586 48 48
0:1 (30/59) 90 14 1868 663 24 24 606 139 24 24 1048 559 24 24 130 967 24 24 1045 604 24 24 225 982 24 24 186 1039 24 24 915 621 24 24 825 761 24 24 964 647 24 24 920 656 24 24 867 649 48 48 899 437 48 48 954 589 48 48
0:1 (40/59) 100 22 1375 540 24 24 1228 811 24 24 918 25 24 24 234 952 24 24 243 1002 24 24 244 705 24 24 873 314 24 24 1270 1020 24 24 183 720 24 24 803 840 24 24 603 740 24 24 915 619 24 24 1370 749 24 24 194 503 24 24 1424 871 24 24 824 762 24 24 964 643 24 24 96 779 24 24 41 790 24 24 26 913 24 24 853 568 48 48 953 588 48 48
