images\miccal5.JPG 9 224 164 24 24 365 428 24 24 261 228 24 24 976 544 26 26 522 41 24 24 293 409 24 24 357 811 24 24 854 464 61 61 961 656 69 69
images\miccal6.JPG 9 365 428 24 24 261 228 24 24 976 544 26 26 522 41 24 24 224 164 24 24 357 811 24 24 293 409 24 24 854 464 61 61 961 656 69 69
images\miccal9.JPG 3 245 148 24 24 754 580 24 24 372 197 24 24
images\miccal10.JPG 3 372 197 24 24 245 148 24 24 754 580 24 24
images\miccal11.JPG 3 355 467 24 24 1038 38 24 24 223 512 24 24
images\miccal12.JPG 5 914 477 24 24 104 811 24 24 448 202 53 53 204 615 53 53 357 265 53 53
images\miccal13.JPG 3 724 444 24 24 373 301 24 24 652 390 69 69
images\miccal18.JPG 7 735 218 24 24 259 240 24 24 310 172 24 24 417 177 24 24 295 206 24 24 464 806 24 24 925 810 24 24
images\miccal20.JPG 16 253 315 24 24 611 106 24 24 626 8 24 24 771 424 24 24 897 247 24 24 840 258 26 26 278 368 24 24 555 625 24 24 246 66 24 24 924 794 24 24 828 503 24 24 236 818 24 24 670 682 26 26 210 426 47 47 540 757 53 53 47 369 53 53
images\miccal22.jpg 12 1228 470 24 24 1126 21 24 24 1213 93 24 24 939 482 24 24 1315 335 24 24 1006 47 24 24 949 116 24 24 1184 361 24 24 867 139 24 24 710 553 24 24 684 556 24 24 1383 1196 24 24
images\miccal23.jpg 10 607 149 24 24 1437 604 24 24 778 755 24 24 1223 385 24 24 1605 342 24 24 705 1098 24 24 217 968 24 24 26 19 41 41 585 794 47 47 572 786 69 69
images\miccal24.jpg 2 671 602 24 24 304 829 47 47
images\miccal25.JPG 13 100 206 24 24 532 795 24 24 889 1008 24 24 352 1012 24 24 81 500 24 24 702 500 24 24 744 1028 24 24 1336 369 24 24 716 126 24 24 695 761 24 24 1280 766 24 24 1306 895 24 24 774 487 41 41
images\miccal29.JPG 4 983 18 24 24 1033 662 24 24 433 257 24 24 869 372 24 24
images\miccal33.jpg 24 894 254 24 24 262 1691 24 24 315 257 24 24 429 509 24 24 386 277 24 24 119 159 24 24 1179 809 24 24 533 1299 24 24 270 1326 24 24 271 100 24 24 850 195 24 24 928 859 24 24 301 867 24 24 126 1825 24 24 1224 695 24 24 404 671 24 24 70 1598 24 24 566 1614 24 24 48 773 53 53 270 322 53 53 44 778 69 69 135 1857 69 69 625 1867 69 69 448 1409 89 89
images\miccal34.jpg 2 106 1246 24 24 196 1178 24 24
images\miccal35.jpg 13 432 956 24 24 1132 22 24 24 110 1203 24 24 504 1249 24 24 642 443 24 24 183 745 24 24 1557 312 24 24 1451 494 47 47 248 461 53 53 1362 728 53 53 251 471 69 69 800 338 69 69 1130 730 69 69
images\miccal36.jpg 13 432 956 24 24 1132 22 24 24 110 1203 24 24 183 745 24 24 504 1249 24 24 642 443 24 24 1557 312 24 24 1451 494 47 47 248 461 53 53 1362 728 53 53 251 471 69 69 800 338 69 69 1130 730 69 69
images\miccal37.jpg 19 360 283 24 24 1460 429 24 24 739 215 24 24 1072 720 24 24 1102 33 24 24 153 750 24 24 415 754 24 24 969 619 24 24 712 134 24 24 2 275 24 24 843 357 24 24 133 1032 24 24 412 376 24 24 581 806 24 24 1312 685 24 24 1577 1128 24 24 1525 979 24 24 1191 938 24 24 1226 814 53 53
