clean_pos\miccal11.JPG 3 538 406 52 52 517 434 66 40 543 466 44 52
clean_pos\miccal12.JPG 11 358 183 51 53 314 234 75 52 399 178 63 52 414 210 40 53 390 234 52 44 441 248 57 52 404 282 45 73 162 550 76 69 408 654 60 41 408 700 52 53 707 638 69 56
clean_pos\miccal13.JPG 19 155 426 47 78 105 499 49 73 70 409 37 71 344 467 48 63 286 526 78 40 393 494 45 47 398 411 59 55 450 392 40 74 461 452 65 40 421 476 52 59 474 499 38 40 495 290 52 66 582 366 84 43 678 357 78 49 675 402 73 47 563 456 63 65 622 458 35 50 641 501 58 38 691 451 47 59
clean_pos\miccal14.JPG 16 169 706 28 28 270 646 23 32 294 633 28 21 138 693 26 28 394 531 21 29 321 492 30 24 378 557 26 19 437 533 23 22 432 556 28 22 471 560 32 24 562 477 28 25 593 482 39 28 642 239 19 26 657 262 20 20 706 371 16 27 695 422 24 21
clean_pos\miccal18.JPG 25 112 574 26 29 129 662 33 24 209 85 25 32 243 84 16 30 244 129 31 25 191 169 42 23 211 178 26 26 241 181 24 29 266 187 21 26 232 213 31 28 316 158 27 26 313 184 27 28 333 179 30 20 300 322 38 25 339 322 31 23 366 226 25 29 388 231 28 23 446 232 24 22 466 266 18 28 618 86 42 15 659 67 30 27 634 117 34 22 670 127 31 23 817 30 36 27 830 736 39 28
clean_pos\miccal19.JPG 7 321 301 29 11 447 313 16 15 500 301 20 13 274 357 25 14 414 409 12 18 500 478 19 20 440 362 18 15
clean_pos\miccal20.JPG 31 221 118 44 30 146 130 62 32 150 186 69 31 356 55 40 47 386 69 47 31 460 46 45 51 504 52 41 46 650 180 50 31 705 279 45 42 30 338 70 43 149 250 37 45 188 258 20 41 224 278 33 32 82 420 46 26 181 543 50 47 252 521 54 35 276 452 37 54 333 431 49 36 309 238 44 46 395 277 50 32 304 330 45 44 318 365 49 37 435 366 30 61 499 210 46 48 877 298 32 72 906 218 38 50 704 530 35 48 789 598 59 54 583 614 47 36 578 682 38 41 618 681 38 50
clean_pos\miccal21.JPG 0
clean_pos\miccal22.jpg 9 706 23 31 34 541 87 25 26 731 114 21 35 586 145 20 28 732 244 23 26 400 302 37 22 470 298 34 22 388 350 38 28 470 385 28 34
clean_pos\miccal23.jpg 3 366 499 34 35 327 550 31 44 581 475 28 42
clean_pos\miccal24.jpg 6 326 334 31 28 354 445 38 37 484 393 30 25 982 574 35 43 169 538 39 22 184 631 35 23
clean_pos\miccal25.JPG 3 451 154 40 46 433 209 57 97 523 154 55 99
clean_pos\miccal26.JPG 1 674 330 31 15
clean_pos\miccal28.JPG 6 481 488 50 62 597 452 65 62 538 558 60 57 544 618 66 59 610 625 50 70 697 546 38 57
clean_pos\miccal29.JPG 0
clean_pos\miccal3.JPG 2 436 413 17 24 261 490 23 22
clean_pos\miccal30.JPG 0
clean_pos\miccal31.JPG 0
clean_pos\miccal37.jpg 1 851 474 38 20
clean_pos\miccal5.JPG 12 209 91 56 73 150 112 44 53 404 255 48 56 202 576 66 71 271 650 61 45 364 585 44 55 288 586 48 64 774 417 47 65 823 428 63 54 859 486 56 67 910 481 47 61 855 593 82 56
clean_pos\miccal7.JPG 2 798 138 23 25 882 230 27 28
clean_pos\miccal8.JPG 0
clean_pos\miccal9.JPG 5 290 10 60 68 259 90 64 62 333 381 45 57 278 372 51 50 686 551 36 43
